80364924
42097237
50136796
18042208
61641831
87393972
33015882
21415655
31639778
62878392
30528528
69853220
10508647
21446903
76788671
44040445
76691457
76781017
89240915
78311871
47843064
11373906
15982141
101376078
12220614
100875653
30327108
61592774
21496036
38319160
83905672
70667270
28188496
27520624
27663252
27792682
27650491
29139745
28322969
71132958
30215128
21491779
51628084
25645408
30270087
62268322
59066533
34419763
56594372
21051363
17489893
71236101
17349376
59003571
11219877
78625361
89713249
67787785
2495312
20957760
50964960
57135234
70904328
53649244
30682084
25432389
100266982
65733883
59353943
17686028
15929684
15023357
61508696
30876266
11825874
70176209
25636011
88947790
59365895
67705871
70180227
54583420
50989153
49288991
101598198
89135424
44646883
25768958
66517180
56067937
65385448
100271861
45268745
18370140
25430487
70180953
83670275
20561281
89240439
17985356
101105807
62922357
56080457
38573466
66979370
26140574
67606842
55393465
88615831
72141347
79636760
48819117
58677796
13651356
29537406
67392681
89899756
21436048
65947761
22429843
18076048
21007261
7626978
56366087
71103869
29864447
77636865
17947370
76702833
16098405
71070978
20930301
78303493
51452079
49833433
93663275
70942150
78434720
89167741
61572083
66432381
100955179
50987482
50973702
58894456
78626172
56067804
30528430
61608646
76800956
12575917
71088858
49814455
82724913
13036388